0 0.0784313725490196 0.7401960784313726 0.05228758169934641 0.3088235294117647
0 0.12091503267973856 0.6397058823529411 0.049019607843137254 0.30392156862745096
0 0.1593137254901961 0.5220588235294118 0.06045751633986928 0.3088235294117647
0 0.2058823529411765 0.40931372549019607 0.05555555555555556 0.3137254901960784
0 0.25326797385620914 0.3125 0.05555555555555556 0.3014705882352941
0 0.29411764705882354 0.18259803921568626 0.05228758169934641 0.3112745098039216
0 0.3227124183006536 0.5551470588235294 0.07679738562091504 0.30637254901960786
0 0.39133986928104575 0.5637254901960784 0.07679738562091504 0.2892156862745098
0 0.4812091503267974 0.5661764705882353 0.07026143790849673 0.27941176470588236
0 0.5588235294117647 0.5563725490196079 0.0784313725490196 0.3235294117647059
0 0.6511437908496732 0.5306372549019608 0.07026143790849673 0.2867647058823529
0 0.7475490196078431 0.571078431372549 0.08006535947712419 0.28431372549019607
0 0.8390522875816994 0.7512254901960784 0.07352941176470588 0.3112745098039216
0 0.8660130718954249 0.6470588235294118 0.06862745098039216 0.31862745098039214
0 0.8897058823529412 0.5404411764705882 0.057189542483660136 0.32598039215686275
0 0.9207516339869282 0.4178921568627451 0.06372549019607843 0.32598039215686275
0 0.9501633986928105 0.3002450980392157 0.057189542483660136 0.33578431372549017
0 0.9738562091503268 0.17401960784313725 0.05228758169934641 0.30392156862745096
