0 0.08375 0.5422138836772983 0.145 0.5628517823639775
0 0.39875 0.575984990619137 0.1275 0.5403377110694184
0 0.51875 0.5666041275797373 0.11 0.5628517823639775
0 0.635 0.574108818011257 0.14 0.5553470919324578
0 0.743125 0.5272045028142589 0.11375 0.5140712945590994
0 0.86375 0.6378986866791745 0.155 0.6416510318949343
0 0.279375 0.5318949343339587 0.08875 0.3545966228893058
0 0.338125 0.5562851782363978 0.06625 0.48592870544090055
0 0.67625 0.34709193245778613 0.085 0.17636022514071295
0 0.9725 0.4821763602251407 0.0475 0.3977485928705441
0 0.19 0.8424015009380863 0.0 0.0
