0 0.12418300653594772 0.16714285714285715 0.12745098039215685 0.2257142857142857
0 0.2785947712418301 0.17 0.119281045751634 0.2714285714285714
0 0.4223856209150327 0.2057142857142857 0.10947712418300654 0.21714285714285714
0 0.5637254901960784 0.1657142857142857 0.10784313725490197 0.14857142857142858
0 0.7066993464052288 0.17857142857142858 0.12908496732026145 0.2542857142857143
0 0.8676470588235294 0.17 0.13398692810457516 0.26
0 0.12173202614379085 0.49 0.11601307189542484 0.24857142857142858
0 0.2728758169934641 0.4757142857142857 0.11764705882352941 0.24857142857142858
0 0.42728758169934644 0.47 0.119281045751634 0.26
0 0.565359477124183 0.4942857142857143 0.10784313725490197 0.22857142857142856
0 0.7116013071895425 0.49 0.11601307189542484 0.2542857142857143
0 0.8733660130718954 0.48 0.11601307189542484 0.2742857142857143
0 0.1323529411764706 0.8057142857142857 0.12091503267973856 0.2571428571428571
0 0.2826797385620915 0.8042857142857143 0.11111111111111112 0.21428571428571427
0 0.42647058823529416 0.7842857142857143 0.10130718954248366 0.1457142857142857
0 0.5776143790849674 0.8157142857142857 0.12581699346405228 0.26
0 0.7238562091503268 0.8128571428571428 0.11111111111111112 0.26571428571428574
0 0.8717320261437909 0.8157142857142857 0.10947712418300654 0.2714285714285714
