0 0.01375 0.2925233644859813 0.02625 0.024299065420560748
0 0.108125 0.3107476635514019 0.03375 0.02897196261682243
0 0.045 0.5462616822429907 0.03375 0.02149532710280374
0 0.2634375 0.32009345794392524 0.024375 0.030841121495327105
0 0.2146875 0.41401869158878507 0.030625 0.028037383177570093
0 0.1721875 0.5285046728971963 0.024375 0.025233644859813085
0 0.328125 0.5070093457943925 0.02375 0.03457943925233645
0 0.4109375 0.3504672897196262 0.020625 0.028037383177570093
0 0.4678125 0.3135514018691589 0.019375 0.02710280373831776
0 0.6015625 0.2 0.028125 0.03364485981308411
0 0.5475 0.47757009345794393 0.02 0.026168224299065422
