0 0.12876254180602006 0.5654761904761905 0.06354515050167224 0.09523809523809523
0 0.6187290969899666 0.37797619047619047 0.046822742474916385 0.10119047619047619
0 0.580267558528428 0.17857142857142855 0.043478260869565216 0.08333333333333333
0 0.6989966555183946 0.08035714285714285 0.046822742474916385 0.10119047619047619
0 0.8411371237458194 0.08333333333333333 0.043478260869565216 0.10714285714285714
0 0.46822742474916385 0.16666666666666666 0.04013377926421405 0.07142857142857142
0 0.30267558528428096 0.2113095238095238 0.03678929765886287 0.08928571428571427
0 0.15217391304347827 0.4583333333333333 0.043478260869565216 0.09523809523809523
0 0.17892976588628762 0.375 0.056856187290969896 0.09523809523809523
0 0.3494983277591973 0.3630952380952381 0.043478260869565216 0.08333333333333333
0 0.17558528428093645 0.0625 0.07023411371237458 0.08928571428571427
0 0.030100334448160536 0.21428571428571427 0.04013377926421405 0.09523809523809523
0 0.043478260869565216 0.4255952380952381 0.046822742474916385 0.08928571428571427
