0 0.151 0.6648936170212766 0.062 0.1595744680851064
0 0.232 0.5957446808510638 0.064 0.15602836879432624
0 0.259 0.47517730496453897 0.058 0.20567375886524822
0 0.42 0.9361702127659575 0.052000000000000005 0.12056737588652482
0 0.634 0.774822695035461 0.06 0.16666666666666666
0 0.714 0.6028368794326241 0.076 0.1702127659574468
0 0.742 0.4929078014184397 0.04 0.1276595744680851
0 0.961 0.30141843971631205 0.062 0.19148936170212766
0 0.858 0.601063829787234 0.048 0.1453900709219858
0 0.892 0.6028368794326241 0.028 0.07801418439716312
0 0.888 0.7109929078014184 0.044 0.16666666666666666
