0 0.21615384615384614 0.5686673448626653 0.11384615384615385 0.12004069175991862
0 0.44846153846153847 0.54323499491353 0.10307692307692308 0.15055951169888096
0 0.585 0.5523906408952187 0.11461538461538462 0.14852492370295015
0 0.44576923076923075 0.4084435401831129 0.09923076923076923 0.12716174974567648
0 0.47346153846153843 0.30925737538148523 0.08076923076923077 0.1342828077314344
0 0.5734615384615385 0.30925737538148523 0.10230769230769231 0.21770091556459817
0 0.6284615384615385 0.4191251271617497 0.1123076923076923 0.11597151576805696
0 0.4473076923076923 0.1444557477110885 0.08846153846153847 0.2299084435401831
0 0.5338461538461539 0.12410986775178026 0.1 0.23397761953204477
0 0.3446153846153846 0.18769074262461852 0.07692307692307693 0.19837232960325535
0 0.245 0.2527975584944049 0.10846153846153846 0.16378433367243134
0 0.24884615384615386 0.1520854526958291 0.09615384615384616 0.16378433367243134
0 0.12115384615384615 0.1449643947100712 0.09923076923076923 0.16581892166836215
0 0.12076923076923077 0.07934893184130214 0.10615384615384615 0.15462868769074262
0 0.355 0.05696846388606307 0.07153846153846154 0.10783316378433366
0 0.7142307692307692 0.18514750762970497 0.0823076923076923 0.18514750762970497
0 0.7142307692307692 0.34181078331637843 0.0823076923076923 0.1525940996948118
0 0.7715384615384615 0.4399796541200407 0.1 0.12512716174974567
0 0.7584615384615384 0.5157680569684638 0.07846153846153846 0.13021363173957273
0 0.8023076923076923 0.33316378433367244 0.08615384615384615 0.13326551373346898
0 0.7226923076923077 0.0595116988809766 0.09307692307692307 0.10885045778229908
0 0.18884615384615386 0.07070193285859613 0.07923076923076923 0.13326551373346898
0 0.265 0.05340793489318413 0.09 0.09053916581892167
