0 0.46185446009389675 0.646875 0.0528169014084507 0.09791666666666667
0 0.6443661971830986 0.6270833333333333 0.035211267605633804 0.1
0 0.5234741784037559 0.9291666666666667 0.03051643192488263 0.1
0 0.4853286384976526 0.9666666666666667 0.03403755868544601 0.07083333333333333
0 0.7681924882629109 0.50625 0.036384976525821594 0.10833333333333334
0 0.7564553990610329 0.4739583333333333 0.03169014084507042 0.10208333333333333
0 0.9213615023474179 0.621875 0.04929577464788733 0.10625
0 0.8556338028169014 0.27291666666666664 0.04225352112676056 0.12083333333333333
0 0.9712441314553991 0.2916666666666667 0.04342723004694836 0.10833333333333334
0 0.6883802816901409 0.3020833333333333 0.03403755868544601 0.11666666666666667
0 0.45892018779342725 0.46979166666666666 0.03755868544600939 0.10625
0 0.267018779342723 0.5010416666666666 0.04812206572769953 0.10625
0 0.24178403755868544 0.3385416666666667 0.06338028169014084 0.10625
0 0.2852112676056338 0.17395833333333333 0.035211267605633804 0.09791666666666667
0 0.28110328638497656 0.2760416666666667 0.04107981220657277 0.10625
0 0.15434272300469484 0.440625 0.05751173708920188 0.10625
0 0.1637323943661972 0.5260416666666666 0.05046948356807512 0.07291666666666667
0 0.1443661971830986 0.5895833333333333 0.0539906103286385 0.10833333333333334
0 0.12030516431924883 0.6458333333333334 0.062206572769953054 0.10416666666666667
0 0.11267605633802817 0.7541666666666667 0.06338028169014084 0.11666666666666667
0 0.0710093896713615 0.9354166666666667 0.05046948356807512 0.0625
0 0.04401408450704226 0.8072916666666666 0.07394366197183098 0.11458333333333333
0 0.04518779342723005 0.6395833333333333 0.06924882629107981 0.10833333333333334
0 0.33509389671361506 0.2895833333333333 0.04342723004694836 0.1125
0 0.3644366197183099 0.2895833333333333 0.03169014084507042 0.10833333333333334
0 0.40316901408450706 0.2739583333333333 0.045774647887323945 0.12708333333333333
0 0.39730046948356806 0.39479166666666665 0.02699530516431925 0.08958333333333333
0 0.4084507042253521 0.37916666666666665 0.035211267605633804 0.1
0 0.5622065727699531 0.8020833333333334 0.03051643192488263 0.09166666666666666
0 0.14612676056338028 0.33958333333333335 0.04812206572769953 0.0625
0 0.1795774647887324 0.4114583333333333 0.051643192488262914 0.10625
0 0.4677230046948357 0.25625 0.024647887323943664 0.10416666666666667
0 0.48826291079812206 0.24375 0.03051643192488263 0.10833333333333334
0 0.5692488262910799 0.3770833333333333 0.02112676056338028 0.1125
0 0.5956572769953051 0.38125 0.024647887323943664 0.10833333333333334
0 0.5639671361502347 0.13854166666666667 0.024647887323943664 0.10208333333333333
0 0.6561032863849765 0.2552083333333333 0.03051643192488263 0.12708333333333333
0 0.6813380281690141 0.14270833333333333 0.029342723004694836 0.11041666666666666
0 0.7230046948356808 0.14583333333333334 0.025821596244131457 0.11666666666666667
0 0.36913145539906106 0.06666666666666667 0.029342723004694836 0.0875
0 0.4072769953051643 0.084375 0.025821596244131457 0.09375
0 0.5897887323943662 0.04375 0.03169014084507042 0.0625
0 0.7335680751173709 0.04479166666666667 0.03286384976525822 0.07291666666666667
0 0.607981220657277 0.13229166666666667 0.018779342723004695 0.11041666666666666
0 0.5903755868544601 0.15729166666666666 0.02112676056338028 0.11041666666666666
