0 0.4138888888888889 0.1672158154859967 0.06666666666666667 0.22240527182866557
0 0.26342592592592595 0.4028006589785832 0.09907407407407408 0.1696869851729819
0 0.2189814814814815 0.5205930807248764 0.1287037037037037 0.13509060955518945
0 0.16990740740740742 0.6383855024711697 0.1398148148148148 0.14662273476112025
0 0.5842592592592593 0.4794069192751236 0.07407407407407407 0.14497528830313014
0 0.5648148148148149 0.6079077429983526 0.10370370370370371 0.14497528830313014
0 0.7263888888888889 0.6589785831960462 0.09722222222222222 0.10873146622734761
0 0.7185185185185186 0.7800658978583196 0.11851851851851852 0.16309719934102143
0 0.700925925925926 0.1598023064250412 0.09444444444444444 0.16474464579901155
0 0.7018518518518518 0.285831960461285 0.0962962962962963 0.1301482701812191
0 0.7115740740740741 0.3723228995057661 0.10277777777777779 0.16474464579901155
0 0.9472222222222223 0.29736408566721584 0.08518518518518518 0.15650741350906094
0 0.8236111111111112 0.44810543657331137 0.10648148148148148 0.14497528830313014
0 0.8601851851851852 0.3673805601317957 0.0925925925925926 0.09555189456342669
