0 0.3193979933110368 0.2857142857142857 0.03678929765886287 0.05952380952380952
0 0.47157190635451507 0.5565476190476191 0.046822742474916385 0.06547619047619047
0 0.5066889632107023 0.806547619047619 0.030100334448160536 0.08928571428571427
0 0.903010033444816 0.8035714285714285 0.046822742474916385 0.09523809523809523
0 0.7073578595317725 0.9017857142857142 0.03678929765886287 0.07738095238095238
0 0.03177257525083612 0.7648809523809523 0.043478260869565216 0.10119047619047619
0 0.5234113712374582 0.13988095238095238 0.030100334448160536 0.05357142857142857
0 0.6187290969899666 0.14285714285714285 0.033444816053511704 0.05952380952380952
0 0.7541806020066889 0.19642857142857142 0.030100334448160536 0.05952380952380952
0 0.47324414715719065 0.06845238095238095 0.030100334448160536 0.041666666666666664
0 0.5468227424749164 0.05952380952380952 0.030100334448160536 0.05952380952380952
